
----> 20/02/2021 14:11:16
highest score: 0
best genes: 
TRAP_BONUS: 0.050874248080158946
SPEED_TO_WIN: 0.3886001917914304
N_IN_A_ROW_SCALAR: 0.04628599608344611
DEFENSE_RATIO: 0.1053550559335609
MID_SCALAR: 0.11649273467156096
----> 20/02/2021 14:12:24
highest score: 2
best genes: 
TRAP_BONUS: 0.3573158378399315
SPEED_TO_WIN: 0.006505743002662411
N_IN_A_ROW_SCALAR: 0.2178973931077295
DEFENSE_RATIO: 0.7502976987563414
MID_SCALAR: 0.18560570046821137